SURVEY: SWIFT
PHOTOMETRY_VERSION: SWIFTNEW
SNTYPE: 1
SNID: 2008ge 
IAUC: 2008ge
RA:    62.102830 deg
DECL:   -47.896500 deg 
RA_HOST:    62.100580
DEC_HOST:   -47.897030
MWEBV: 0.011000 MW E(B-V) (SF11)
REDSHIFT_HELIO: 0.004043 +- 5.7e-05 
REDSHIFT_CMB: 0.0039316 +- 5.7e-05 
VPEC: 12.6768 +- 250.0
HOSTGAL_LOGMASS: 0.0000 +- 0.000
FILTERS: BNUVWX
SEARCH_PEAKMJD: 54770.5
NOBS: 1
NVAR: 7
VARLIST: MJD FLT FIELD FLUXCAL FLUXCALERR MAG MAGERR
OBS: 54770.5 W NULL 3357.38 1314.21 18.685 0.425
END:
