SURVEY: PS1MD
PHOTOMETRY_VERSION: MFoley
SNTYPE: 1
SNID: ATLAS16eej 
IAUC: 2016jem
RA:   358.070703
DECL:   -22.755533 
RA_HOST:   358.070749
DEC_HOST:   -22.755802
MWEBV: 0.0177 
FILTERS: griz
REDSHIFT_HELIO: 0.049372 +- 0.000125 
REDSHIFT_CMB: 0.0482676 +- 0.000125 
VPEC: 160.2834 +- 250.0
SEARCH_PEAKMJD: 57762.22484025 
HOSTGAL_LOGMASS: 9.389 +- 0.014
NOBS: 12
NVAR: 8
VARLIST:    MJD    FLT    FIELD    FLUXCAL    FLUXCALERR    MAG    MAGERR    FWHM    FLAG
OBS: 57762.22484025 g MD  14605.313 212.163 17.0887228285 0.0156885401908 4.68 0
OBS: 57766.22560370 g MD  12992.817 295.582 17.215741696 0.0245696187363 6.66 0
OBS: 57776.23315456 g MD  6505.527 153.396 17.9667937908 0.0254656817196 5.66 0
OBS: 57762.22526669 r MD  14100.3 167.634 17.1269291178 0.0128397778771 4.26 0
OBS: 57766.22602166 r MD  11709.477 208.879 17.3286562553 0.0192655333795 5.55 0
OBS: 57776.23358040 r MD  8182.141 126.455 17.7178326018 0.0166914014315 4.17 0
OBS: 57762.22561318 i MD  7190.66 137.591 17.8580781144 0.0206654576909 3.57 0
OBS: 57766.22637283 i MD  6064.157 210.126 18.0430739085 0.0374225271542 5.74 0
OBS: 57776.23392446 i MD  3840.781 120.083 18.5389511386 0.0337664761412 3.70 0
OBS: 57762.22596379 z MD  6006.151 171.227 18.0535093836 0.0307892958402 3.58 0
OBS: 57766.22672091 z MD  5999.768 226.294 18.0546638567 0.0407344950671 4.55 0
OBS: 57776.23426527 z MD  3515.743 180.761 18.6349571982 0.0555279154364 3.71 0
END:
