SURVEY: PS1MD
PHOTOMETRY_VERSION: MFoley
SNTYPE: 1
SNID: AT2017ya 
IAUC: 2017ya
RA:     4.185429
DECL:    15.342069 
RA_HOST:     4.185449
DEC_HOST:    15.341900
MWEBV: 0.0446 
FILTERS: griz
REDSHIFT_HELIO: 0.0699603 +- 1.83385e-05 
REDSHIFT_CMB: 0.0687064 +- 1.83385e-05 
VPEC: -125.232079 +- 250.0
SEARCH_PEAKMJD: 57788.22728840 
HOSTGAL_LOGMASS: 10.198 +- 0.002
NOBS: 12
NVAR: 8
VARLIST:    MJD    FLT    FIELD    FLUXCAL    FLUXCALERR    MAG    MAGERR    FWHM    FLAG
OBS: 57788.22687502 g MD  5448.417 261.035 18.1593241517 0.0517430659217 7.71 0
OBS: 57794.23420606 g MD  3990.214 392.798 18.4975095299 0.10631556102 7.38 0
OBS: 57800.23047836 g MD  2521.569 215.68 18.9958228584 0.0923767701776 6.88 0
OBS: 57788.22728840 r MD  6604.192 212.733 17.9504507731 0.0347887584128 5.59 0
OBS: 57794.23462809 r MD  5236.357 270.676 18.2024268804 0.055826995753 7.16 0
OBS: 57800.23090612 r MD  3409.087 168.439 18.6684047886 0.0533615363879 5.77 0
OBS: 57788.22763410 i MD  3646.886 241.174 18.5951945308 0.0714220077074 5.38 0
OBS: 57794.23497043 i MD  2299.015 520.817 19.0961454879 0.244662327127 11.23 0
OBS: 57800.23125241 i MD  1670.957 193.257 19.442586815 0.124908995264 5.64 0
OBS: 57788.22797887 z MD  3059.286 313.345 18.7859498018 0.110618163846 5.31 0
OBS: 57794.23531430 z MD  2981.395 438.317 18.813951203 0.158778813274 9.50 0
OBS: 57800.23160322 z MD  1252.82 282.092 19.7552783054 0.243178876455 5.59 0
END:
