SURVEY: PS1MD
PHOTOMETRY_VERSION: MFoley
SNTYPE: 1
SNID: SN2017dfu 
IAUC: 2017dfu
RA:   124.788389
DECL:   -16.495668 
RA_HOST:   124.788040
DEC_HOST:   -16.494580
MWEBV: 0.0755 
FILTERS: griz
REDSHIFT_HELIO: 0.045 +- 0.001 
REDSHIFT_CMB: 0.0459418 +- 0.001 
VPEC: 121.2719 +- 250.0
SEARCH_PEAKMJD: 57868.29944979 
HOSTGAL_LOGMASS: 9.915 +- 0.025
NOBS: 14
NVAR: 8
VARLIST:    MJD    FLT    FIELD    FLUXCAL    FLUXCALERR    MAG    MAGERR    FWHM    FLAG
OBS: 57868.29944979 g MD  7566.501 145.05 17.8027622655 0.020703625097 5.12 0
OBS: 57879.25263847 g MD  3770.147 163.644 18.5591042902 0.0468776204217 4.90 0
OBS: 57868.29987902 r MD  7552.044 135.602 17.804838721 0.0193921221857 4.47 0
OBS: 57879.25306364 r MD  4358.678 127.32 18.4016130339 0.031547547215 4.42 0
OBS: 57890.25558821 r MD  3229.589 133.849 18.727131857 0.0447601598841 6.44 0
OBS: 57898.25979418 r MD  2490.537 116.557 19.0092675048 0.0505439429328 4.98 0
OBS: 57868.30022714 i MD  4648.52 113.406 18.3317132404 0.026347844045 3.69 0
OBS: 57879.25341937 i MD  1789.51 107.334 19.3681646759 0.0647779112718 3.56 0
OBS: 57890.25593850 i MD  2377.04 145.588 19.0599087751 0.0661474102245 6.64 0
OBS: 57898.26014568 i MD  2670.38 139.649 18.9335673333 0.0564791977172 4.90 0
OBS: 57868.30057317 z MD  4484.73 173.058 18.3706592456 0.0416753383147 4.08 0
OBS: 57879.25376978 z MD  2313.869 149.305 19.0891530808 0.0696882148471 3.43 0
OBS: 57890.25629400 z MD  2041.255 209.244 19.2252568462 0.110708128088 6.14 0
OBS: 57898.26050222 z MD  1765.692 219.258 19.3827126267 0.134110954798 4.45 0
END:
