SURVEY: PS1MD
PHOTOMETRY_VERSION: MFoley
SNTYPE: 1
SNID: ASASSN-15bm 
IAUC: UNKNOWN
RA:   226.464712
DECL:    -5.627101 
RA_HOST:   226.465106
DEC_HOST:    -5.626235
MWEBV: 0.0691 
FILTERS: griz
REDSHIFT_HELIO: 0.0204316 +- 0.00010277 
REDSHIFT_CMB: 0.0210938 +- 0.00010277 
VPEC: 249.4345 +- 250.0
SEARCH_PEAKMJD: 57055.65995108 
HOSTGAL_LOGMASS: 10.056 +- 0.002
NOBS: 12
NVAR: 8
VARLIST:    MJD    FLT    FIELD    FLUXCAL    FLUXCALERR    MAG    MAGERR    FWHM    FLAG
OBS: 57049.65612830 g MD  37515.646 117.963 16.0644689271 0.00339591753265 4.63 0
OBS: 57055.65855553 g MD  39626.369 109.66 16.0050393016 0.00298873712098 4.90 0
OBS: 57073.65650607 g MD  14945.085 66.518 17.0637540264 0.00480689403908 4.21 0
OBS: 57049.65752312 r MD  40020.114 87.945 15.9943041965 0.00237332157525 4.60 0
OBS: 57055.65995108 r MD  46649.628 98.591 15.8278795378 0.00228251080587 4.50 0
OBS: 57073.65815958 r MD  25241.369 76.608 16.4947177356 0.00327781904381 5.70 0
OBS: 57049.65888207 i MD  28959.634 80.493 16.3455173279 0.00300184871121 3.96 0
OBS: 57073.65952200 i MD  17287.384 66.544 16.9056768026 0.00415722355679 4.05 0
OBS: 57055.66267130 z MD  28502.054 118.038 16.3628096036 0.00447269659934 4.19 0
OBS: 57073.66088409 z MD  21316.48 93.049 16.6782112724 0.00471432994566 3.50 0
OBS: 57073.66662965 z MD  20702.568 177.298 16.7099394505 0.00924918299991 4.29 0
OBS: 57115.63500762 z MD  2887.367 154.821 18.8487450286 0.0579097426825 4.46 0
END:
